1,202,68,202,10397
1,202,68,202,10693
1,202,68,202,10721
1,202,68,202,10821
1,202,68,202,11292
1,202,68,202,11433
1,202,68,202,11986
1,202,68,202,12266
1,202,68,202,12402
1,202,68,202,12478
1,202,68,202,13232
1,202,68,202,13487
1,202,68,202,13830
1,202,68,202,13930
1,202,68,202,14057
1,202,68,202,14100
1,202,68,202,14107
1,202,68,202,14122
1,202,68,202,14683
1,202,68,202,14747
1,202,68,202,14831
1,202,68,202,10423
1,202,68,202,LGA
1,202,68,202,LAX
1,202,68,202,LAS
1,202,68,202,JFK
1,202,68,202,ITO
1,202,68,202,IND
1,202,68,202,IAH
1,202,68,202,IAD
1,202,68,202,FNT
1,202,68,202,FLL
1,202,68,202,EWR
1,202,68,202,DTW
1,202,68,202,DEN
1,202,68,202,DCA
1,202,68,202,CLE
1,202,68,202,CAK
1,202,68,202,BWI
1,202,68,202,BOS
1,202,68,202,BNA
1,202,68,202,BDL
1,202,68,202,AUS
1,202,68,202,ATL
1,202,68,202,MCO
1,202,68,202,MDW
1,202,68,202,MKE
1,202,68,202,MSN
1,202,68,202,MSP
1,202,68,202,OAK
1,202,68,202,OGG
1,202,68,202,OKC
1,202,68,202,ORD
1,202,68,202,PDX
1,202,68,202,PHL
1,202,68,202,PHX
1,202,68,202,PIT
1,202,68,202,RDU
1,202,68,202,RNO
1,202,68,202,RSW
1,202,68,202,SAN
1,202,68,202,SAT
1,202,68,202,SEA
1,202,68,202,SFO
1,202,68,202,SLC
1,202,68,202,SMF
1,202,68,202,TPA
1,202,68,202,10140
