CO,1992	131760	49094
CO,1999	201480	5354
CO,2006	192720	38407
CO,2013	227160	65963
NO,2005	157680	6824
NO,2012	241152	23541
NO2,1987	43800	22483
NO2,1994	87600	18157
NO2,2001	166440	15922
NO2,2008	158112	15540
NO2,2015	257376	68930
NOX,1988	43920	23594
NOX,1995	140160	35179
NOX,2002	166440	15518
NOX,2009	157680	17853
NOX,2016	254736	65129
O3,1990	105120	39528
O3,1997	166440	20429
O3,2004	175680	14914
O3,2011	201480	48460
PM10,1998	87600	4368
PM10,2005	131400	23749
PM10,2012	138144	16193
PM2.5,2007	78840	12313
PM2.5,2014	117384	18100
PMCO,2016	122520	31180
SO2,1988	122976	44476
SO2,1995	227760	25759
SO2,2002	219000	38241
SO2,2009	227760	39214
SO2,2016	271728	51687
