CO,1991	131400	47731
CO,1998	201480	8209
CO,2005	192720	8961
CO,2012	216000	23272
NO,2004	166896	8697
NO,2011	210240	63544
NO2,1986	43800	29303
NO2,1993	87600	36860
NO2,2000	166896	24778
NO2,2007	157680	13685
NO2,2014	248952	45362
NOX,1987	43800	22483
NOX,1994	87600	18157
NOX,2001	166440	15922
NOX,2008	158112	15540
NOX,2015	257376	68930
O3,1989	78840	36879
O3,1996	166896	21371
O3,2003	175200	13640
O3,2010	192720	16550
O3,2017	297840	44833
PM10,1997	87600	15012
PM10,2004	131760	26137
PM10,2011	122640	23559
PM2.5,2006	70080	7374
PM2.5,2013	113880	10735
PMCO,2015	103104	17913
SO2,1987	122640	46276
SO2,1994	183960	27147
SO2,2001	219000	19739
SO2,2008	228384	25805
SO2,2015	252912	50750
id_parameter,	1	0
