CO,1987	131400	55732
CO,1994	175200	26085
CO,2001	201480	18998
CO,2008	158112	18601
CO,2015	245112	51140
NO,2007	157680	13685
NO,2014	248952	45362
NO2,1989	43800	17423
NO2,1996	140544	28375
NO2,2003	166440	9143
NO2,2010	148920	11613
NO2,2017	254040	72409
NOX,1990	43800	11742
NOX,1997	140160	30846
NOX,2004	166896	8697
NOX,2011	210240	63544
O3,1992	114192	37453
O3,1999	166440	2332
O3,2006	175200	16603
O3,2013	244128	21452
PM10,2000	131760	35193
PM10,2007	131400	24605
PM10,2014	175200	31182
PM2.5,2009	78840	15143
PM2.5,2016	184008	51906
SO2,1990	122640	59746
SO2,1997	227760	27843
SO2,2004	219600	44898
SO2,2011	201480	42149
