CO,1986	96360	49669
CO,1993	157680	47378
CO,2000	202032	21362
CO,2007	166440	27105
CO,2014	231432	75602
NO,2006	157680	16404
NO,2013	245280	22593
NO2,1988	43920	23594
NO2,1995	140160	35179
NO2,2002	166440	15518
NO2,2009	157680	17853
NO2,2016	254736	65129
NOX,1989	43800	17423
NOX,1996	140544	28375
NOX,2003	166440	9143
NOX,2010	148920	11613
NOX,2017	254040	72409
O3,1991	105120	32744
O3,1998	166440	3380
O3,2005	175200	15832
O3,2012	224784	17361
PM10,1999	87600	1915
PM10,2006	131400	31135
PM10,2013	171912	17064
PM2.5,2008	79056	8313
PM2.5,2015	148752	23608
PMCO,2017	122640	37984
SO2,1989	122640	45723
SO2,1996	228384	20916
SO2,2003	219000	23298
SO2,2010	227760	32638
SO2,2017	271560	38566
