CO,1989	131400	42648
CO,1996	219600	37144
CO,2003	201480	10613
CO,2010	148920	16645
CO,2017	262800	46200
NO,2009	157680	17853
NO,2016	254736	65129
NO2,1991	43800	14905
NO2,1998	157680	14913
NO2,2005	157680	6824
NO2,2012	241152	23541
NOX,1992	52704	24198
NOX,1999	157680	18464
NOX,2006	157680	16404
NOX,2013	245280	22593
O3,1987	78840	36462
O3,1994	166440	22307
O3,2001	175200	10345
O3,2008	193248	18350
O3,2015	277824	44745
PM10,1995	87600	7720
PM10,2002	131400	26869
PM10,2009	131400	28330
PM10,2016	210360	40570
PM2.5,2004	70272	6380
PM2.5,2011	96360	25821
PMCO,2013	78840	7453
SO2,1992	131760	49775
SO2,1999	227760	2610
SO2,2006	210240	24967
SO2,2013	236520	37484
