CO,1990	131400	40893
CO,1997	201480	30937
CO,2004	202032	9010
CO,2011	192720	61186
NO,2003	166440	9143
NO,2010	148920	11613
NO,2017	254040	72557
NO2,1992	52704	24198
NO2,1999	157680	18464
NO2,2006	157680	16404
NO2,2013	245280	22593
NOX,1986	43800	29303
NOX,1993	87600	36860
NOX,2000	166896	24778
NOX,2007	157680	13685
NOX,2014	248952	45362
O3,1988	79056	32698
O3,1995	166440	16923
O3,2002	175200	12581
O3,2009	192720	31314
O3,2016	298200	42227
PM10,1996	87840	11993
PM10,2003	131400	25039
PM10,2010	122640	13555
PM10,2017	210240	54186
PM2.5,2005	70080	7587
PM2.5,2012	110592	14744
PMCO,2014	78840	14100
SO2,1986	113880	74318
SO2,1993	148920	61566
SO2,2000	219600	16958
SO2,2007	227760	36404
SO2,2014	240192	36162
