CO,1988	131760	45889
CO,1995	219000	31875
CO,2002	201480	22447
CO,2009	157680	25350
CO,2016	263064	51808
NO,2008	158112	15540
NO,2015	257376	68930
NO2,1990	43800	11742
NO2,1997	140160	30846
NO2,2004	166896	8697
NO2,2011	210240	63544
NOX,1991	43800	14905
NOX,1998	157680	14913
NOX,2005	157680	6824
NOX,2012	241152	23541
O3,1986	78840	59100
O3,1993	131400	30106
O3,2000	175680	15229
O3,2007	192720	24322
O3,2014	248952	35010
PM10,2001	131400	18156
PM10,2008	131760	23196
PM10,2015	194904	35047
PM2.5,2003	70080	43905
PM2.5,2010	78840	10594
PM2.5,2017	183960	60151
PMCO,2012	76656	11413
SO2,1991	122640	51839
SO2,1998	227760	6107
SO2,2005	210240	23249
SO2,2012	232368	23029
