4988,54,2015,10,24,6,WN,4988,N7704B,10423,10821,0650,0648,-2,15,0703,195,183,152,1342,1035,16,1105,1051,-14,0,0,,,,,,,,,,,,,
4988,54,2015,10,10,6,WN,4988,N647SW,10423,10821,0650,0650,0,14,0704,195,192,173,1342,1057,5,1105,1102,-3,0,0,,,,,,,,,,,,,
4988,54,2015,10,31,6,WN,4988,,10423,10821,0650,,,,,195,,,1342,,,1105,,,0,1,C,,,,,,,,,,,,
4988,54,2015,10,3,6,WN,4988,N609SW,10423,10821,0650,0647,-3,11,0658,195,193,177,1342,1055,5,1105,1100,-5,0,0,,,,,,,,,,,,,
4988,54,2015,10,17,6,WN,4988,N656SW,10423,10821,0650,0652,2,10,0702,195,173,159,1342,1041,4,1105,1045,-20,0,0,,,,,,,,,,,,,
4988,54,2015,10,25,7,EV,4988,N754EV,12953,11057,0900,0855,-5,29,0924,135,118,84,544,1048,5,1115,1053,-22,0,0,,,,,,,,,,,,,
4988,54,2015,10,30,5,EV,4988,N724EV,12953,11057,0900,0850,-10,36,0926,135,126,83,544,1049,7,1115,1056,-19,0,0,,,,,,,,,,,,,
4988,54,2015,10,19,1,EV,4988,N744EV,12953,11057,0900,0858,-2,33,0931,135,122,84,544,1055,5,1115,1100,-15,0,0,,,,,,,,,,,,,
4988,54,2015,10,2,5,EV,4988,N750EV,12953,11057,0900,0858,-2,57,0955,135,152,91,544,1126,4,1115,1130,15,0,0,,15,0,0,0,0,,,,,,,
4988,54,2015,10,16,5,EV,4988,N755EV,12953,11057,0900,0855,-5,40,0935,135,138,94,544,1109,4,1115,1113,-2,0,0,,,,,,,,,,,,,
4988,54,2015,10,11,7,EV,4988,N614QX,12953,11057,0900,1022,82,17,1039,135,104,77,544,1156,10,1115,1206,51,0,0,,0,0,51,0,0,,,,,,,
4988,54,2015,10,8,4,EV,4988,N718EV,12953,11057,0900,0854,-6,60,0954,135,144,80,544,1114,4,1115,1118,3,0,0,,,,,,,,,,,,,
4988,54,2015,10,13,2,EV,4988,N608QX,12953,11057,0900,0900,0,25,0925,135,118,86,544,1051,7,1115,1058,-17,0,0,,,,,,,,,,,,,
4988,54,2015,10,7,3,EV,4988,N716EV,12953,11057,0900,0941,41,32,1013,135,119,82,544,1135,5,1115,1140,25,0,0,,0,0,0,25,0,,,,,,,
4988,54,2015,10,6,2,EV,4988,N741EV,12953,11057,0900,0900,0,35,0935,135,124,83,544,1058,6,1115,1104,-11,0,0,,,,,,,,,,,,,
4988,54,2015,10,28,3,EV,4988,N709EV,12953,11057,0900,0851,-9,28,0919,135,131,91,544,1050,12,1115,1102,-13,0,0,,,,,,,,,,,,,
4988,54,2015,10,5,1,EV,4988,N611QX,12953,11057,0900,0856,-4,56,0952,135,141,82,544,1114,3,1115,1117,2,0,0,,,,,,,,,,,,,
4988,54,2015,10,4,7,EV,4988,N722EV,12953,11057,0900,0858,-2,21,0919,135,114,87,544,1046,6,1115,1052,-23,0,0,,,,,,,,,,,,,
4988,54,2015,10,18,7,EV,4988,N605QX,12953,11057,0900,0855,-5,32,0927,135,129,92,544,1059,5,1115,1104,-11,0,0,,,,,,,,,,,,,
4988,54,2015,10,20,2,EV,4988,N608QX,12953,11057,0900,0859,-1,39,0938,135,124,80,544,1058,5,1115,1103,-12,0,0,,,,,,,,,,,,,
